613
5732
4
6
8
10
14
16
18
20
22
24
26
28
30
32
34
36
38
40
42
44
46
48
50
52
54
56
58
60
62
64
66
68
70
72
74
76
78
80
82
84
86
90
92
94
96
98
100
102
104
106
108
110
112
114
118
120
122
124
128
130
132
134
136
138
140
144
146
148
150
152
154
156
158
160
162
164
166
168
170
172
174
176
178
180
182
184
186
190
192
194
196
198
200
202
204
206
208
210
214
216
218
220
222
224
226
228
230
232
234
236
238
240
242
244
246
248
250
252
254
256
260
268
270
272
274
276
278
280
282
284
286
288
290
292
294
296
298
300
302
304
306
308
310
312
314
316
318
320
322
324
326
328
330
332
334
336
338
340
342
344
346
348
350
352
354
358
360
362
364
366
368
370
372
374
376
378
380
382
384
386
388
390
392
394
396
398
400
402
404
406
408
410
412
414
416
418
422
424
426
428
430
432
434
436
438
440
442
444
446
448
450
452
454
456
458
460
462
464
466
468
470
472
474
476
478
480
482
484
488
490
492
494
498
500
504
506
508
510
512
514
516
518
520
522
524
526
528
530
532
534
536
538
540
542
544
546
548
550
552
554
556
558
561
563
565
567
569
571
573
591
613
615
619
621
627
633
635
637
641
645
657
659
661
665
2
12
116
126
142
188
212
262
356
420
486
502
631
667
669
677
673
675
681
681
689
687
691
693
697
699
701
701
701
701
701
703
703
703
705
709
709
709
709
711
713
715
717
